5	7
7
4	2
3	2
1	2
2	5
2	2
2	1
3	1

9 9
19
1 1
4 2
7 1
1 5
7 2
5 1
2 5
1 1
1 1
1 2
2 3
1 1
1 1
1 1
1 1
1 3
1 1
1 1
4 3

45	45
91
9	1
23	8
2	1
1	6
1	2
6	3
1	6
1	26
1	1
38	1
2	26
8	1
1	1
1	5
4	1
1	1
4	9
3	2
1	2
11	1
1	1
1	5
21	18
2	1
3	1
1	1
1	2
7	23
3	22
23	9
1	10
1	9
1	1
1	3
1	2
1	1
1	1
1	3
1	1
13	1
1	1
16	1
1	1
9	1
7	2
1	1
1	18
12	1
1	1
1	1
1	1
1	2
1	1
2	1
1	4
20	1
1	6
1	7
1	1
1	13
1	1
1	13
2	1
1	1
1	1
14	1
1	11
19	1
1	14
1	2
1	18
1	1
2	1
1	2
3	1
1	1
1	3
1	1
1	5
1	1
4	1
4	1
1	3
4	3
1	4
44	5
3	26
1	1
1	1
1	2
18	9